2.479185819625854492e+01
2.287641477584838867e+01
1.978743362426757812e+01
1.776528835296630859e+01
1.614868950843811035e+01
1.681622743606567383e+01
1.567434310913085938e+01
1.563330245018005371e+01
1.898786878585815430e+01
2.075600242614746094e+01
2.073205089569091797e+01
2.026067209243774414e+01
2.074585914611816406e+01
1.852371263504028320e+01
1.448674988746643066e+01
1.258139920234680176e+01
1.368149805068969727e+01
1.662684392929077148e+01
2.258295679092407227e+01
2.614405870437622070e+01
2.537333822250366211e+01
2.460212755203247070e+01
2.680106401443481445e+01
2.445012044906616211e+01
