4.715471097946166879e+01
3.986260349273681669e+01
4.014513254165649414e+01
3.711546516418457031e+01
3.768387290000915613e+01
3.718693923950195312e+01
3.634483388900756751e+01
4.439462216377258130e+01
5.331605653762817099e+01
5.398389427185058764e+01
6.356882511138915959e+01
6.428915243148803427e+01
6.440471508026124070e+01
6.293727682113647859e+01
6.353444170951843262e+01
5.655675673484802246e+01
6.141663942337036275e+01
6.680852499008179279e+01
6.747508752822875522e+01
7.520374639511108228e+01
8.220708364486694109e+01
7.411272985458373341e+01
8.226613832473753973e+01
7.988648801803589095e+01
