2.826459745407104407e+01
2.865064243316650305e+01
2.358197130203247127e+01
2.256471797943115121e+01
2.160454991340636965e+01
2.556633991241455206e+01
3.582960996627807759e+01
4.391984595298767147e+01
4.317224439620972021e+01
4.235135601043700859e+01
3.056137065887450888e+01
2.690311475753784265e+01
2.339298267364500816e+01
2.122272043228149130e+01
1.809903569221496866e+01
2.483002038002014089e+01
2.232356794357299634e+01
3.054205926895141232e+01
4.180443891525268896e+01
3.871876443862915096e+01
1.909007352828979975e+01
1.712959840774536957e+01
5.549964160919195422e+00
5.586539649963384591e-01
