2.718743515014648438e+01
2.384460210800170898e+01
2.263494348526000977e+01
2.086814498901367188e+01
1.741199183464050293e+01
1.613250136375427246e+01
1.225233674049377441e+01
1.162557125091552734e+01
1.430640983581542969e+01
1.749066233634948730e+01
1.956431531906127930e+01
2.304519081115722656e+01
2.446489477157592773e+01
2.331114721298217773e+01
2.157292890548706055e+01
1.843317604064941406e+01
1.860518646240234375e+01
2.871670627593994141e+01
3.422683858871459961e+01
2.604315280914306641e+01
1.995985984802246094e+01
1.667180132865905762e+01
1.921139144897460938e+01
1.965568447113037109e+01
