4.101420644760131751e+01
3.432822088241577063e+01
3.153162445068359432e+01
2.743979308128356820e+01
2.758695962905883547e+01
2.893341893196106085e+01
3.918685708045959615e+01
4.317075504302978572e+01
4.170294651031494482e+01
4.121459982872008965e+01
3.808521108627319052e+01
3.286442562103271570e+01
3.649130077362060121e+01
3.658541374206542685e+01
3.689623804092407511e+01
3.627077646255493448e+01
3.358409555435180494e+01
4.438485893249512060e+01
5.489464506149291623e+01
5.044057716369628963e+01
3.266575855255127436e+01
2.953237679481506461e+01
2.597416278839111214e+01
2.305015386581420955e+01
