2.688756010055541879e+01
2.455686170578002958e+01
2.228192281723022461e+01
2.452489066123962402e+01
2.230262657165527429e+01
2.350938439369201660e+01
1.982776907920837317e+01
3.048779018402099439e+01
3.939300041198730185e+01
3.954944912910461596e+01
4.343257413864135685e+01
4.755272655487060263e+01
4.240898468017578438e+01
4.135910079956055085e+01
4.057670259475708008e+01
3.974912881851196289e+01
4.735782442092895650e+01
5.455666961669921733e+01
5.813001573562622326e+01
5.999977500915527173e+01
6.130028003692626726e+01
5.184932333946228056e+01
5.296816326141357223e+01
4.710939889907837141e+01
