4.038970565795898438e+01
3.860812282562255859e+01
3.325229644775390625e+01
3.296733808517456055e+01
3.145298337936401367e+01
3.307227087020874023e+01
3.873897075653076172e+01
4.164237499237060547e+01
4.452953624725341797e+01
4.923631095886230469e+01
5.342702198028564453e+01
5.115699863433837891e+01
4.759855461120605469e+01
4.438171291351318359e+01
4.379448795318603516e+01
4.162102985382080078e+01
4.491851234436035156e+01
4.719540405273437500e+01
5.305936908721923828e+01
5.152102661132812500e+01
5.368023204803466797e+01
5.280382061004638672e+01
5.034309482574462891e+01
4.778596401214599609e+01
