3.763395977020263672e+01
3.660994338989257812e+01
3.039670419692993164e+01
3.021083259582519531e+01
2.803980112075805664e+01
3.115044116973876953e+01
3.531440639495849609e+01
4.194065093994140625e+01
4.341804695129394531e+01
4.920226287841796875e+01
5.161505699157714844e+01
5.250851440429687500e+01
4.901911830902099609e+01
4.698325729370117188e+01
4.696605014801025391e+01
4.649205112457275391e+01
5.062493896484375000e+01
5.930168437957763672e+01
6.705199718475341797e+01
6.116943454742431641e+01
5.888125801086425781e+01
5.181073570251464844e+01
5.005303001403808594e+01
4.700227451324462891e+01
