3.947535726547241097e+01
3.729714853286743192e+01
3.251942539215087891e+01
3.089189577102661133e+01
2.954553886413574304e+01
2.557479047775268555e+01
1.963760189056396399e+01
1.962784941673278638e+01
2.413585572242736532e+01
3.001615039825439624e+01
3.939811359405517521e+01
4.435825996398925497e+01
4.617772294998169258e+01
4.292726276397705476e+01
3.646955871582031250e+01
3.477592039108276367e+01
3.883081874847412251e+01
4.473269405364990092e+01
4.301539648056030529e+01
5.794488437652587720e+01
6.299619859695434343e+01
6.171828300476074247e+01
7.360928989410399481e+01
6.428537279129028548e+01
