2.561538362503051758e+01
2.330693340301513672e+01
2.225578927993774414e+01
2.100260496139526367e+01
1.979484844207763672e+01
2.073039197921752930e+01
1.908305311203002930e+01
1.877262115478515625e+01
2.167205667495727539e+01
2.239282560348510742e+01
2.231839942932128906e+01
2.211160802841186523e+01
2.152366113662719727e+01
2.023025560379028320e+01
1.716868448257446289e+01
1.742003583908081055e+01
1.902182865142822266e+01
2.459877347946166992e+01
3.000868463516235352e+01
2.908491230010986328e+01
2.775261449813842773e+01
2.503286075592041016e+01
2.595885562896728516e+01
2.461412954330444336e+01
