3.405337862014770423e+01
2.996415571212768469e+01
2.898965610504150447e+01
2.573899099349975472e+01
2.658505084991454837e+01
3.631849187850951921e+01
5.668376312255859517e+01
7.818272007942199764e+01
8.137965353965759618e+01
7.498769138336180617e+01
6.582001476287841513e+01
5.635188385009765710e+01
4.993876905441283753e+01
5.030404644012450888e+01
5.461548347473144815e+01
5.581241292953491495e+01
5.571092041015624829e+01
6.521883853912353857e+01
7.662716135025024755e+01
6.725571979522705135e+01
4.912311071395874507e+01
3.667533996582031364e+01
2.192988464355469347e+01
2.007574190139770565e+01
