4.710872268676757812e+01
4.396895599365234375e+01
4.188535499572753906e+01
4.090937519073486328e+01
3.931251144409179688e+01
4.264364528656005859e+01
4.980751705169677734e+01
5.592433643341064453e+01
5.828467369079589844e+01
5.918347358703613281e+01
5.699226093292236328e+01
5.937685871124267578e+01
5.141836452484130859e+01
5.415933609008789062e+01
5.322765827178955078e+01
5.558724021911621094e+01
5.814373016357421875e+01
6.164820098876953125e+01
6.626972198486328125e+01
6.708528137207031250e+01
6.464157676696777344e+01
6.335924720764160156e+01
5.745993614196777344e+01
4.849188804626464844e+01
