4.075426387786865234e+01
4.147919082641601562e+01
3.895157527923583984e+01
3.585020351409912109e+01
3.577717494964599609e+01
4.250846290588378906e+01
5.500145816802978516e+01
6.697370719909667969e+01
6.647715759277343750e+01
7.106881141662597656e+01
7.324785041809082031e+01
7.099278450012207031e+01
5.675319862365722656e+01
6.012986564636230469e+01
5.538203144073486328e+01
5.251732921600341797e+01
5.601086711883544922e+01
5.955594158172607422e+01
5.380243778228759766e+01
5.526120948791503906e+01
5.760579109191894531e+01
5.728538417816162109e+01
5.251092052459716797e+01
4.575300884246826172e+01
