6.775954818725585938e+01
5.360092830657958984e+01
4.864056968688964844e+01
4.221138095855712891e+01
3.996786594390869141e+01
4.194582939147949219e+01
5.136421871185302734e+01
5.741658020019531250e+01
6.270392036437988281e+01
6.533185482025146484e+01
5.869225406646728516e+01
6.356794548034667969e+01
5.915744304656982422e+01
5.930680370330810547e+01
5.701103591918945312e+01
6.053058815002441406e+01
6.379387664794921875e+01
7.156241416931152344e+01
9.503514289855957031e+01
8.400365638732910156e+01
8.411700248718261719e+01
7.002639579772949219e+01
7.350807762145996094e+01
6.768144226074218750e+01
