2.799679183959960938e+01
2.438674068450927734e+01
2.202178859710693359e+01
1.760388851165771484e+01
1.570391297340393066e+01
2.255413293838500977e+01
3.046294832229614258e+01
3.621636199951171875e+01
4.470083999633789062e+01
4.208673763275146484e+01
4.120592498779296875e+01
3.979602622985839844e+01
3.745479583740234375e+01
3.493587017059326172e+01
3.176255702972412109e+01
2.996849918365478516e+01
2.810212373733520508e+01
2.926978158950805664e+01
4.082248592376708984e+01
4.401818943023681641e+01
4.293977832794189453e+01
3.878561878204345703e+01
4.371606922149658203e+01
4.230534934997558594e+01
