4.709933826446533089e+01
4.738815433502197294e+01
4.690284824371337891e+01
4.682165050506591797e+01
4.390556784629821863e+01
3.940823984146118164e+01
3.110026983261108313e+01
3.776543815612792798e+01
4.040366916656493856e+01
4.726352493286132983e+01
5.126481376647949162e+01
5.277395038604736044e+01
5.287071563720703438e+01
4.452558658599853914e+01
4.136699485778808594e+01
4.188020133972167969e+01
4.972691164016723775e+01
5.964637746810912944e+01
5.678148162841797131e+01
6.203325660705566236e+01
6.083985466003417741e+01
4.915922767639160185e+01
4.783625007629394332e+01
4.228703361511230696e+01
