2.093676856994628821e+01
1.686630825042724524e+01
1.152635540008544979e+01
7.097703666687010582e+00
1.044445136070251223e+01
2.036697334289550909e+01
4.257114515304565572e+01
5.650299896240234432e+01
6.183812316894531591e+01
5.612375782012939140e+01
4.964518241882323935e+01
4.208747573852539148e+01
4.054968376159667542e+01
4.343341236114501669e+01
4.415047950744629190e+01
4.231840057373047159e+01
3.867191656112670728e+01
4.183437952041626318e+01
5.782476409912109006e+01
5.216901458740234432e+01
3.861603778839111811e+01
3.937044170379638786e+01
3.617327949523925668e+01
3.296378959655761776e+01
