4.419238159179687386e+01
4.362405807495117216e+01
4.153678417205810547e+01
4.014028358459472656e+01
3.694802661895752038e+01
3.881929874420166016e+01
3.955007986068725501e+01
4.782112606048583814e+01
5.453738431930541708e+01
5.722090188980102710e+01
6.026162992477416935e+01
6.181264524459838583e+01
5.675556661605835274e+01
5.121096895217895906e+01
5.033762598037719727e+01
5.036101746559143066e+01
5.561917600631714009e+01
5.869426240921020366e+01
6.155265033721924084e+01
6.325896842956542798e+01
6.635746711730956804e+01
5.956230957031250028e+01
5.718692756652831832e+01
5.416641765594482649e+01
