2.941732406616210938e+01
2.655406475067138672e+01
2.171551227569580078e+01
2.182705450057983398e+01
2.071495676040649414e+01
2.075297212600708008e+01
1.972889089584350586e+01
1.740124893188476562e+01
2.204215192794799805e+01
2.343540906906127930e+01
2.602539205551147461e+01
2.814435338973999023e+01
2.511298799514770508e+01
2.365074396133422852e+01
2.145686197280883789e+01
1.926001238822937012e+01
2.289933633804321289e+01
2.765114164352416992e+01
3.388671875000000000e+01
3.584205818176269531e+01
3.951276493072509766e+01
3.931151103973388672e+01
4.091616725921630859e+01
3.817954635620117188e+01
