2.670157817840576087e+01
2.284588531494140540e+01
1.674992002487182674e+01
1.579054901123046761e+01
1.783177450180053469e+01
2.027114242553711065e+01
2.815432653427124166e+01
3.108952487945556697e+01
2.952066263198852880e+01
2.988136098861694023e+01
2.626342706680297567e+01
2.370586915969848718e+01
2.398355169296264222e+01
2.580228834152221395e+01
2.757842416763305593e+01
2.708103365898132253e+01
2.693576295852660962e+01
3.759742197036743505e+01
4.796934684753417599e+01
4.563046611785888729e+01
3.590379089355469233e+01
3.359842613220214957e+01
3.134610244750976449e+01
2.678585685729980526e+01
