3.673876762390136719e+01
3.628298282623291016e+01
3.643305397033691406e+01
3.774297523498535156e+01
3.830171680450439453e+01
4.337027263641357422e+01
5.485504722595214844e+01
7.480006408691406250e+01
7.409193801879882812e+01
6.749210166931152344e+01
6.353331184387207031e+01
5.859837532043457031e+01
4.619567108154296875e+01
4.716775989532470703e+01
4.521453762054443359e+01
4.512249565124511719e+01
4.457149124145507812e+01
4.887539291381835938e+01
5.436127853393554688e+01
5.766732501983642578e+01
5.340818119049072266e+01
4.781990909576416016e+01
4.386665248870849609e+01
3.814985561370849609e+01
