5.292936706542968750e+01
5.087270259857177734e+01
4.963099384307861328e+01
4.443909263610839844e+01
4.366297435760498047e+01
4.467887401580810547e+01
4.726100349426269531e+01
4.950572490692138672e+01
5.122088241577148438e+01
5.340596485137939453e+01
5.666430473327636719e+01
5.538698291778564453e+01
5.492838668823242188e+01
4.908338737487792969e+01
5.034729003906250000e+01
4.751944923400878906e+01
4.895330429077148438e+01
5.839516448974609375e+01
6.640500068664550781e+01
6.344092082977294922e+01
6.415857124328613281e+01
5.339184188842773438e+01
5.794943904876708984e+01
5.651764392852783203e+01
