4.305750560760498047e+01
4.126979351043701172e+01
4.047321701049804688e+01
4.056199836730957031e+01
4.045215034484863281e+01
4.273524188995361328e+01
4.813161849975585938e+01
6.202126312255859375e+01
6.422177410125732422e+01
6.287210845947265625e+01
6.325693893432617188e+01
6.266828060150146484e+01
6.058805084228515625e+01
6.108414077758789062e+01
5.963043975830078125e+01
5.670703792572021484e+01
5.728491115570068359e+01
5.852537250518798828e+01
5.789323997497558594e+01
5.857492828369140625e+01
6.335458564758300781e+01
6.000203990936279297e+01
5.105715179443359375e+01
4.110517120361328125e+01
