3.187609294891357337e+01
3.302999643325805579e+01
3.028854860305786190e+01
2.110852167129516488e+01
2.104546001434325930e+01
2.480938047409057745e+01
3.908061895370483541e+01
4.631092084884643612e+01
4.678817399978638036e+01
4.443913362503051445e+01
3.816269187927245810e+01
3.403788562774658288e+01
3.713441581726073792e+01
3.702442960739135458e+01
3.842872877120971964e+01
4.336450929641723917e+01
4.108850296020507642e+01
5.062897905349731786e+01
5.676602062225341427e+01
5.246607412338256893e+01
3.379967874526978022e+01
3.138847187042236442e+01
2.739987442016601449e+01
2.743640388488769588e+01
