3.724538967132568246e+01
2.899410516738891630e+01
2.698688697814941406e+01
3.169902849197387695e+01
3.121962877273559656e+01
3.316320705413818359e+01
3.327625516891479407e+01
4.591260202407836744e+01
5.453670816421508505e+01
5.372437803268432788e+01
5.933984409332275334e+01
5.966910915374755575e+01
5.091256668090820625e+01
4.846412752151489656e+01
4.815970659255981445e+01
4.395203351974487305e+01
4.963504562377929830e+01
5.303871145248412944e+01
5.684341991424560803e+01
6.190465410232543775e+01
6.660564512252807390e+01
5.813945133209228544e+01
5.717529273986816207e+01
4.975414615631103743e+01
