3.317916679382324219e+01
3.359025955200195312e+01
3.276199340820312500e+01
2.639720535278320312e+01
2.484500837326049805e+01
2.342574119567871094e+01
2.280518293380737305e+01
1.959872293472290039e+01
2.443003702163696289e+01
3.023878908157348633e+01
2.967128944396972656e+01
3.595919895172119141e+01
3.645555019378662109e+01
3.363681459426879883e+01
2.830036020278930664e+01
2.670458650588989258e+01
2.592717742919921875e+01
3.139857912063598633e+01
3.152316665649414062e+01
3.140503644943237305e+01
2.661799478530883789e+01
2.749211215972900391e+01
3.222471904754638672e+01
3.283423233032226562e+01
