3.132448291778564453e+01
2.300289154052734375e+01
2.068733549118041992e+01
2.001615476608276367e+01
2.334678602218627930e+01
2.531677389144897461e+01
2.377935886383056641e+01
2.744105815887451172e+01
3.501963949203491211e+01
3.136817502975463867e+01
3.147223424911499023e+01
3.278339719772338867e+01
2.670672988891601562e+01
2.715421819686889648e+01
1.864471244812011719e+01
2.354376840591430664e+01
2.406657981872558594e+01
2.676071310043334961e+01
3.611070585250854492e+01
3.508627223968505859e+01
2.963491725921630859e+01
3.537318992614746094e+01
3.210034751892089844e+01
3.063785266876220703e+01
