4.006582233428954964e+01
4.240732795715332060e+01
4.077364778518676758e+01
3.857921361923217773e+01
3.226299329757690515e+01
3.303209447860717773e+01
3.541312030792236243e+01
4.507264621734618970e+01
4.982434110641479208e+01
5.334373228073120288e+01
5.415496717453002873e+01
5.779488019943237020e+01
5.623488952636719063e+01
5.026929758071899812e+01
5.378960037231445312e+01
4.851614809036254883e+01
5.462039623260498189e+01
6.343594923019409038e+01
6.409255731582641147e+01
6.956805999755859204e+01
7.360094875335693132e+01
5.643379814147949247e+01
6.081068874359130660e+01
5.575304466247558821e+01
