1.875220541000366126e+01
1.047258762359619055e+01
7.661435737609863850e+00
5.295079441070555504e+00
1.068011334419250247e+01
1.393979066848755011e+01
2.271372041702270650e+01
2.803291858673095760e+01
2.967549833297729833e+01
2.601679037094115898e+01
2.388356237411498739e+01
1.764187856674194421e+01
1.632470626831054261e+01
2.071858053207397177e+01
1.598772258758544851e+01
1.915124578475952077e+01
1.489230449676513501e+01
1.680536397933960302e+01
2.680782827377319677e+01
2.492274154663085994e+01
9.533049049377446238e+00
1.797574451446533317e+01
1.190892574310302621e+01
9.815190925598145100e+00
